$ 1 0.000005 10.20027730826997 52 5 50 5e-11
w 224 160 224 176 0
w 224 160 320 160 0
w 320 160 320 144 0
w 416 160 416 224 0
w 416 352 416 464 0
w 384 240 288 240 0
r 224 240 224 176 0 1000
R 416 64 352 64 0 0 40 18 0 0 0.5
162 416 464 496 464 2 default-led 1 0 0 0.01
r 416 128 416 64 0 1000
s 224 240 288 240 0 1 false
w 416 256 416 320 0
f 384 240 416 240 33 1.5 0.02
w 416 128 416 160 0
f 368 336 416 336 33 1.5 0.02
w 368 336 288 336 0
r 224 336 224 240 0 1000
s 224 336 288 336 0 1 false
g 496 464 496 560 0 0
R 320 144 256 144 0 0 40 18 0 0 0.5
