$ 1 0.000005 10.20027730826997 52 5 50 5e-11
t 368 240 416 240 0 1 -0.4218496125563298 0.6144133073563576 100 default
w 224 160 224 176 0
w 224 160 320 160 0
w 320 160 416 160 0
w 416 160 416 224 0
w 528 16 608 80 0
w 416 336 416 448 0
w 272 240 224 240 0
w 272 320 224 320 0
r 224 240 224 176 0 10000
g 416 448 416 480 0 0
R 416 0 320 0 0 0 40 5 0 0 0.5
162 416 96 416 160 2 default-led 1 0 0 0.01
r 416 96 416 0 0 1000
s 272 240 368 240 0 0 false
w 416 256 416 304 0
t 352 320 416 320 0 1 0.39981696889496054 0.6146834390079504 100 default
r 224 320 224 240 0 10000
s 272 320 352 320 0 0 false
