$ 1 0.000005 10.20027730826997 50 5 50 5e-11
f 272 272 352 272 36 1.5 0.02
f 400 336 352 336 36 1.5 0.02
w 288 128 288 160 0
w 400 128 400 160 0
w 288 160 352 160 0
w 352 160 400 160 0
w 352 160 352 208 0
w 352 288 352 320 0
w 352 352 352 384 0
w 352 256 352 208 0
w 400 208 448 208 0
w 288 96 336 96 0
w 400 96 336 96 0
w 336 96 336 48 0
r 160 112 240 112 0 1000
r 144 272 192 272 0 1000
r 448 112 496 112 0 1000
r 544 336 480 336 0 1000
r 352 208 400 208 0 1000
s 80 112 160 112 0 0 false
s 496 112 560 112 0 0 false
s 192 272 272 272 0 1 false
s 400 336 480 336 0 1 false
f 240 112 288 112 36 1.5 0.02
f 448 112 400 112 36 1.5 0.02
162 448 208 528 208 2 default-led 1 0 0 0.01
v 336 -48 336 48 0 0 40 5 0 0 0.5
w 352 384 352 464 0
w 352 464 688 464 0
w 528 208 688 208 0
w 688 208 688 464 0
w 336 -48 688 -48 0
w 688 -48 688 208 0
w 336 48 592 48 0
w 336 48 80 48 0
w 80 48 80 112 0
w 80 112 80 272 0
w 80 272 144 272 0
w 544 336 592 336 0
w 592 336 592 112 0
w 592 112 592 48 0
w 560 112 592 112 0
