$ 1 0.000005 10.20027730826997 50 5 50 5e-11
f 128 272 272 272 36 1.5 0.02
f 544 272 400 272 36 1.5 0.02
f 256 32 320 32 37 1.5 0.02
f 448 144 320 144 37 1.5 0.02
w 320 256 400 256 0
w 320 256 272 256 0
w 320 160 320 256 0
w 320 128 320 48 0
w 320 16 320 -16 0
162 320 256 448 208 2 default-led 1 0 0 0.01
g 448 208 528 208 0 0
s 16 304 16 240 0 1 false
s 608 272 688 272 0 1 false
v 688 368 688 272 0 0 40 5 0 0 0.5
v 16 368 16 304 0 0 40 5 0 0 0.5
v -112 240 -112 0 0 0 40 5 0 0 0.5
w 16 128 16 240 0
w -112 240 -112 368 0
w -112 368 16 368 0
w 16 368 320 368 0
w 272 288 320 288 0
w 320 288 320 368 0
w 400 288 320 288 0
w 320 368 320 416 0
w 320 368 608 368 0
w 608 144 608 272 0
w 544 144 608 144 0
w 16 128 16 32 0
w 16 32 96 32 0
w -112 0 -112 -80 0
w -112 -80 320 -80 0
w 128 272 128 240 0
w 48 240 16 240 0
g 320 416 320 464 0 0
w 608 368 688 368 0
r 320 -80 320 -16 0 1000
r 96 32 256 32 0 1000
r 48 240 128 240 0 1000
r 544 272 608 272 0 1000
r 448 144 544 144 0 1000
o 0 64 0 4099 2.5 0.00009765625 0 2 0 3
