$ 1 0.000005 10.20027730826997 50 5 50 5e-11
f 304 272 352 272 32 1.5 0.02
172 176 240 144 240 0 7 3.5 5 0 0 0.5 Gate Voltage
w 352 288 352 336 0
172 352 128 480 96 0 7 5 5 0 0 0.5 Drain Voltage
f 304 192 352 192 33 1.5 0.02
162 432 208 496 208 2 default-led 1 0 0 0.01
g 496 208 496 240 0 0
w 352 208 352 224 0
w 352 224 352 256 0
s 176 240 224 240 0 0 false
r 352 208 432 208 0 100
g 352 336 352 368 0 0
r 352 176 352 128 0 1000
w 224 240 224 192 0
w 224 240 224 272 0
r 224 272 304 272 0 1000
r 224 192 304 192 0 1000
o 0 64 0 4099 2.5 0.00009765625 0 2 0 3
