$ 1 0.000005 10.20027730826997 50 5 50 5e-11
172 112 240 80 240 0 7 3.5 5 0 0 0.5 Gate Voltage
w 352 320 352 368 0
172 352 128 352 48 0 7 5 5 0 0 0.5 Drain Voltage
f 240 192 288 192 33 1.5 0.02
162 352 256 352 320 2 default-led 1 0 0 0.01
w 352 208 352 224 0
w 352 224 352 256 0
s 112 240 160 240 0 0 false
g 352 368 352 400 0 0
r 352 176 352 128 0 1000
w 160 240 160 192 0
r 464 192 512 192 0 1000
r 160 192 240 192 0 1000
w 416 208 352 208 0
w 352 176 416 176 0
172 560 192 608 192 0 7 3.5 5 0 0 0.5 Gate Voltage
s 512 192 560 192 0 0 false
w 288 176 352 176 0
w 288 208 352 208 0
f 464 192 416 192 33 1.5 0.02
