$ 1 0.000005 10.20027730826997 50 5 50 5e-11
v 96 144 96 80 0 0 40 5 0 0 0.5
r 160 144 192 144 0 1000
r 384 144 416 144 0 1000
w 288 128 288 64 0
w 96 80 96 -16 0
w 96 -16 288 -16 0
w 288 -16 288 16 0
w 288 128 320 128 0
w 288 128 256 128 0
w 256 160 288 160 0
w 288 160 320 160 0
w 96 144 96 272 0
w 96 272 288 272 0
r 288 16 288 64 0 1000
w 160 64 288 64 0
w 288 64 416 64 0
s 416 64 416 144 0 0 false
s 160 144 160 64 0 0 false
162 288 208 288 272 2 default-led 1 0 0 0.01
r 288 208 288 160 0 1000
f 384 144 320 144 32 1.5 0.02
f 192 144 256 144 32 1.5 0.02
