$ 1 0.000005 10.20027730826997 50 5 50 5e-11
R 208 64 208 0 0 0 40 5 0 0 0.5
f 48 160 112 160 45 1.5 0.02
f 608 144 544 144 45 1.5 0.02
f 608 208 544 208 45 1.5 0.02
f 384 208 448 208 45 1.5 0.02
g 144 544 144 592 0 0
r 144 144 144 80 0 1000
r 544 128 544 80 0 1000
r 544 192 544 160 0 1000
r 672 144 608 144 0 1000
r 544 224 512 224 0 1000
r 608 208 656 208 0 1000
r 560 416 592 416 0 1000
r 384 416 352 416 0 1000
r 384 320 352 320 0 1000
r 80 368 48 368 0 1000
r 80 448 48 448 0 1000
r 48 160 -16 160 0 1000
r 384 208 352 208 0 1000
r 448 336 448 368 0 1000
w 144 80 144 64 0
w 144 64 208 64 0
w 208 64 448 64 0
w 544 80 544 64 0
w 544 64 448 64 0
w 448 144 448 192 0
f 256 160 192 160 45 1.5 0.02
w 112 144 144 144 0
w 144 144 192 144 0
r 256 160 288 160 0 1000
w 112 176 144 176 0
w 192 176 144 176 0
w 144 272 272 272 0
w 272 208 352 208 0
w 144 176 144 272 0
w 144 432 144 384 0
w 352 320 272 320 0
w 272 320 272 272 0
w 272 272 272 208 0
w 144 272 144 352 0
w 448 432 448 480 0
w 496 432 496 480 0
w 496 480 480 480 0
w 448 480 480 480 0
w 480 480 480 512 0
w 480 512 208 512 0
w 144 464 144 512 0
w 144 512 208 512 0
w 144 512 144 544 0
w 496 400 480 400 0
w 448 400 480 400 0
w 480 400 480 368 0
w 480 368 448 368 0
w 448 304 448 272 0
w 448 224 448 272 0
w 448 272 512 272 0
w 512 224 512 272 0
w 512 272 608 272 0
162 608 272 672 272 2 default-led 1 0 0 0.01
g 672 272 704 272 0 0
w 48 448 -16 448 0
w -16 448 -16 160 0
w -16 160 -16 -48 0
w 672 144 672 -48 0
w -16 -48 672 -48 0
w 672 -48 752 -48 0
s 752 -48 864 -48 0 1 false
R 864 -48 912 -32 0 0 40 5 0 0 0.5
w 48 368 16 368 0
w 16 368 16 672 0
w 16 672 320 672 0
w 656 208 864 208 0
w 864 208 864 416 0
w 592 416 864 416 0
w 864 416 864 672 0
s 864 672 960 672 0 1 false
R 960 672 992 672 0 0 40 5 0 0 0.5
w 288 160 320 160 0
w 320 160 320 416 0
w 320 416 320 672 0
w 320 672 864 672 0
w 352 416 352 608 0
w 352 608 752 608 0
w 752 608 752 -48 0
f 80 448 144 448 36 1.5 0.02
f 80 368 144 368 36 1.5 0.02
f 384 416 448 416 36 1.5 0.02
f 560 416 496 416 36 1.5 0.02
f 384 320 448 320 36 1.5 0.02
r 448 144 448 64 0 1000
