$ 1 0.000005 10.20027730826997 50 5 50 5e-11
R 528 -48 528 -96 0 0 40 5 0 0 0.5
R 128 64 128 0 0 0 40 5 0 0 0.5
R 640 176 640 112 0 0 40 5 0 0 0.5
g 384 240 384 288 0 0
g 256 416 256 464 0 0
r 128 144 128 304 0 1000
r 640 256 640 400 0 100
r 256 144 256 224 0 1000
r 256 224 336 224 0 1000
f 432 128 496 128 36 1.5 0.02
f 192 304 256 304 36 1.5 0.02
f 304 400 256 400 36 1.5 0.02
f 544 128 608 128 36 1.5 0.02
f 336 224 384 224 36 1.5 0.02
w 496 144 496 160 0
w 496 160 496 208 0
w 608 144 608 208 0
w 384 208 496 208 0
w 496 208 608 208 0
w 128 144 256 144 0
r 528 -48 528 0 0 1000
w 496 112 496 64 0
w 496 64 528 64 0
w 608 112 608 64 0
w 608 64 528 64 0
s 128 304 192 304 0 0 false
s 544 400 640 400 0 1 false
w 192 304 192 128 0
w 192 128 432 128 0
w 544 128 544 400 0
w 304 400 544 400 0
w 256 224 256 288 0
w 256 384 256 320 0
162 528 0 528 64 2 default-led 1 0 0 0.01
w 640 176 640 256 0
w 128 64 128 144 0
